<?xml version="1.0"?>
<opencv_storage>
<classifications type_id="opencv-matrix">
  <rows>100</rows>
  <cols>1</cols>
  <dt>f</dt>
  <data>
    48. 48. 48. 48. 48. 48. 48. 48. 48. 48. 49. 49. 49. 49. 49. 49. 49.
    49. 49. 49. 50. 50. 50. 50. 50. 50. 50. 50. 50. 50. 51. 51. 51. 51.
    51. 51. 51. 51. 51. 51. 52. 52. 52. 52. 52. 52. 52. 52. 52. 52. 53.
    53. 53. 53. 53. 53. 53. 53. 53. 53. 54. 54. 54. 54. 54. 54. 54. 54.
    54. 54. 55. 55. 55. 55. 55. 55. 55. 55. 55. 55. 56. 56. 56. 56. 56.
    56. 56. 56. 56. 56. 57. 57. 57. 57. 57. 57. 57. 57. 57. 57.</data></classifications>
</opencv_storage>
