<?xml version="1.0"?>
<opencv_storage>
<images type_id="opencv-matrix">
  <rows>10</rows>
  <cols>600</cols>
  <dt>f</dt>
  <data>
    95. 255. 255. 255. 255. 255. 255. 255. 255. 255. 255. 255. 255. 255.
    255. 255. 255. 255. 255. 95. 255. 255. 255. 255. 255. 255. 255. 255.
    255. 255. 255. 255. 255. 255. 255. 255. 255. 255. 255. 122. 238.
    255. 255. 255. 255. 255. 255. 255. 255. 255. 255. 255. 255. 255.
    255. 255. 255. 255. 255. 51. 25. 123. 123. 123. 123. 123. 123. 123.
    123. 123. 123. 123. 123. 123. 123. 150. 255. 255. 255. 51. 0. 0. 0.
    0. 0. 0. 0. 0. 0. 0. 0. 0. 0. 0. 0. 245. 255. 255. 158. 3. 0. 0. 0.
    0. 0. 0. 0. 0. 0. 0. 0. 0. 0. 0. 78. 255. 255. 255. 0. 0. 0. 0. 0.
    0. 0. 0. 0. 0. 0. 0. 0. 0. 0. 83. 246. 255. 255. 47. 0. 0. 0. 0. 0.
    0. 0. 0. 0. 0. 0. 0. 0. 0. 0. 255. 255. 255. 102. 0. 0. 0. 0. 0. 0.
    0. 0. 0. 0. 0. 0. 0. 0. 0. 174. 255. 255. 220. 32. 0. 0. 0. 0. 0. 0.
    0. 0. 0. 0. 0. 0. 0. 0. 18. 255. 255. 255. 180. 0. 0. 0. 0. 0. 0. 0.
    0. 0. 0. 0. 0. 0. 0. 0. 153. 255. 255. 143. 0. 0. 0. 0. 0. 0. 0. 0.
    0. 0. 0. 0. 0. 0. 0. 50. 253. 255. 255. 51. 0. 0. 0. 0. 0. 0. 0. 0.
    0. 0. 0. 0. 0. 0. 0. 255. 255. 255. 153. 0. 0. 0. 0. 0. 0. 0. 0. 0.
    0. 0. 0. 0. 0. 0. 173. 255. 255. 255. 23. 0. 0. 0. 0. 0. 0. 0. 0. 0.
    0. 0. 0. 0. 0. 29. 218. 255. 255. 183. 0. 0. 0. 0. 0. 0. 0. 0. 0. 0.
    0. 0. 0. 0. 0. 102. 255. 255. 255. 0. 0. 0. 0. 0. 0. 0. 0. 0. 0. 0.
    0. 0. 0. 0. 0. 255. 255. 255. 102. 0. 0. 0. 0. 0. 0. 0. 0. 0. 0. 0.
    0. 0. 0. 0. 149. 255. 255. 225. 42. 0. 0. 0. 0. 0. 0. 0. 0. 0. 0. 0.
    0. 0. 0. 153. 255. 255. 255. 201. 0. 0. 0. 0. 0. 0. 0. 0. 0. 0. 0.
    0. 0. 0. 23. 199. 255. 255. 255. 0. 0. 0. 0. 0. 0. 0. 0. 0. 0. 0. 0.
    0. 0. 0. 51. 255. 255. 255. 75. 0. 0. 0. 0. 0. 0. 0. 0. 0. 0. 0. 0.
    0. 0. 0. 255. 255. 255. 255. 51. 0. 0. 0. 0. 0. 0. 0. 0. 0. 0. 0. 0.
    0. 0. 153. 255. 255. 255. 179. 13. 0. 0. 0. 0. 0. 0. 0. 0. 0. 0. 0.
    0. 0. 19. 213. 255. 255. 255. 125. 0. 0. 0. 0. 0. 0. 0. 0. 0. 0. 0.
    0. 0. 0. 102. 255. 255. 255. 255. 0. 0. 0. 0. 0. 0. 0. 0. 0. 0. 0.
    0. 0. 0. 0. 109. 255. 255. 255. 242. 0. 0. 0. 0. 0. 0. 0. 0. 0. 0.
    0. 0. 0. 0. 0. 255. 255. 255. 255. 0. 0. 0. 0. 0. 0. 0. 0. 0. 0. 0.
    0. 0. 0. 0. 0. 255. 255. 255. 255. 0. 0. 0. 0. 0. 0. 0. 0. 0. 0. 0.
    0. 0. 0. 0. 255. 255. 255. 255. 255. 0. 0. 0. 0. 0. 0. 0. 0. 0. 0.
    0. 0. 0. 0. 0. 255. 255. 255. 255. 255. 0. 0. 0. 0. 0. 0. 0. 0. 0.
    0. 0. 0. 0. 19. 255. 255. 255. 255. 255. 255. 255. 255. 255. 255.
    255. 255. 255. 255. 255. 255. 255. 255. 74. 19. 255. 255. 255. 255.
    255. 255. 255. 255. 255. 255. 255. 255. 255. 255. 255. 255. 255.
    255. 255. 0. 57. 255. 255. 255. 255. 255. 255. 255. 255. 255. 255.
    255. 255. 255. 255. 255. 255. 255. 216. 0. 57. 255. 255. 255. 122.
    94. 94. 94. 94. 94. 94. 94. 94. 94. 94. 94. 94. 94. 7. 0. 57. 255.
    255. 255. 44. 0. 0. 0. 0. 0. 0. 0. 0. 0. 0. 0. 0. 0. 0. 0. 57. 255.
    255. 255. 45. 0. 0. 0. 0. 0. 0. 0. 0. 0. 0. 0. 0. 0. 0. 0. 57. 255.
    255. 255. 255. 6. 0. 0. 0. 0. 0. 0. 0. 0. 0. 0. 0. 0. 0. 0. 57. 255.
    255. 255. 255. 6. 0. 0. 0. 0. 0. 0. 0. 0. 0. 0. 0. 0. 0. 0. 57. 255.
    255. 255. 51. 0. 0. 0. 0. 0. 0. 0. 0. 0. 0. 0. 0. 0. 0. 0. 57. 255.
    255. 255. 45. 0. 0. 0. 0. 0. 0. 0. 0. 0. 0. 0. 0. 0. 0. 0. 57. 255.
    255. 255. 44. 0. 0. 0. 0. 0. 0. 0. 0. 0. 0. 0. 0. 0. 0. 7. 130. 255.
    255. 255. 255. 255. 255. 255. 255. 162. 94. 94. 0. 0. 0. 0. 0. 0. 0.
    19. 255. 255. 255. 255. 255. 255. 255. 255. 255. 255. 255. 255. 213.
    175. 0. 0. 0. 0. 0. 13. 179. 179. 179. 179. 179. 179. 188. 255. 255.
    255. 255. 255. 255. 255. 197. 40. 0. 0. 0. 0. 0. 0. 0. 0. 0. 0. 7.
    60. 60. 172. 255. 255. 255. 255. 255. 226. 73. 0. 0. 0. 0. 0. 0. 0.
    0. 0. 0. 0. 0. 0. 0. 171. 255. 255. 255. 255. 255. 104. 4. 0. 0. 0.
    0. 0. 0. 0. 0. 0. 0. 0. 0. 0. 81. 255. 255. 255. 255. 255. 19. 0. 0.
    0. 0. 0. 0. 0. 0. 0. 0. 0. 0. 0. 5. 220. 255. 255. 255. 255. 255. 0.
    0. 0. 0. 0. 0. 0. 0. 0. 0. 0. 0. 0. 0. 44. 255. 255. 255. 255. 255.
    0. 0. 0. 0. 0. 0. 0. 0. 0. 0. 0. 0. 0. 0. 44. 255. 255. 255. 255.
    255. 0. 0. 0. 0. 0. 0. 0. 0. 0. 0. 0. 0. 0. 0. 45. 255. 255. 255.
    255. 255. 0. 0. 0. 0. 0. 0. 0. 0. 0. 0. 0. 0. 0. 0. 44. 255. 255.
    255. 255. 255. 0. 0. 0. 0. 0. 0. 0. 0. 0. 0. 0. 0. 0. 0. 45. 255.
    255. 255. 255. 255. 0. 0. 0. 0. 0. 0. 0. 0. 0. 0. 0. 0. 0. 6. 248.
    255. 255. 255. 255. 255. 0. 0. 0. 0. 0. 0. 0. 0. 0. 0. 0. 0. 0. 114.
    255. 255. 255. 255. 255. 19. 0. 0. 0. 0. 0. 0. 0. 0. 0. 0. 0. 0. 0.
    255. 255. 255. 255. 255. 77. 2. 255. 255. 194. 94. 94. 16. 0. 0. 0.
    0. 54. 211. 255. 255. 255. 255. 255. 196. 36. 0. 255. 255. 255. 255.
    255. 220. 213. 213. 213. 213. 237. 255. 255. 255. 255. 255. 154. 16.
    0. 0. 184. 255. 255. 255. 255. 255. 255. 255. 255. 255. 255. 255.
    255. 253. 179. 120. 0. 0. 0. 0. 4. 60. 133. 255. 255. 255. 255. 255.
    255. 255. 255. 113. 60. 58. 0. 0. 0. 0. 0. 0. 0. 0. 0. 0. 0. 0. 0.
    0. 0. 0. 0. 41. 255. 255. 255. 255. 0. 0. 0. 0. 0. 0. 0. 0. 0. 0. 0.
    0. 0. 0. 0. 191. 255. 255. 255. 255. 0. 0. 0. 0. 0. 0. 0. 0. 0. 0.
    0. 0. 0. 0. 80. 255. 255. 255. 255. 255. 0. 0. 0. 0. 0. 0. 0. 0. 0.
    0. 0. 0. 0. 0. 255. 255. 255. 255. 255. 255. 0. 0. 0. 0. 0. 0. 0. 0.
    0. 0. 0. 0. 0. 182. 255. 255. 255. 255. 255. 255. 0. 0. 0. 0. 0. 0.
    0. 0. 0. 0. 0. 0. 64. 255. 255. 182. 182. 255. 255. 255. 0. 0. 0. 0.
    0. 0. 0. 0. 0. 0. 0. 0. 220. 255. 203. 12. 64. 255. 255. 255. 0. 0.
    0. 0. 0. 0. 0. 0. 0. 0. 0. 191. 255. 255. 143. 0. 64. 255. 255. 255.
    0. 0. 0. 0. 0. 0. 0. 0. 0. 0. 44. 235. 255. 255. 0. 0. 64. 255. 255.
    255. 0. 0. 0. 0. 0. 0. 0. 0. 0. 0. 255. 255. 255. 64. 0. 0. 86. 255.
    255. 255. 0. 0. 0. 0. 0. 0. 0. 0. 0. 105. 255. 255. 220. 29. 0. 0.
    255. 255. 255. 255. 0. 0. 0. 0. 0. 0. 0. 0. 63. 254. 255. 255. 191.
    0. 0. 0. 255. 255. 255. 255. 0. 0. 0. 0. 0. 0. 0. 0. 143. 255. 255.
    175. 0. 0. 0. 0. 255. 255. 255. 255. 0. 0. 0. 0. 0. 0. 0. 163. 255.
    255. 255. 64. 0. 0. 0. 0. 255. 255. 255. 255. 0. 0. 0. 0. 0. 0. 18.
    209. 255. 255. 137. 0. 0. 0. 0. 0. 255. 255. 255. 255. 0. 0. 0. 0.
    0. 0. 201. 255. 255. 255. 0. 0. 0. 0. 0. 0. 255. 255. 255. 255. 0.
    0. 0. 0. 0. 29. 255. 255. 245. 54. 0. 0. 0. 0. 0. 0. 255. 255. 255.
    255. 0. 0. 0. 0. 37. 228. 255. 255. 80. 0. 0. 0. 0. 0. 0. 0. 143.
    255. 255. 143. 0. 0. 0. 0. 255. 255. 255. 64. 0. 0. 0. 0. 0. 0. 0.
    0. 64. 255. 255. 64. 0. 0. 0. 0. 255. 255. 255. 150. 115. 115. 115.
    115. 115. 115. 115. 115. 150. 255. 255. 150. 115. 115. 115. 115.
    255. 255. 255. 255. 255. 255. 255. 255. 255. 255. 255. 255. 255.
    255. 255. 255. 255. 255. 255. 255. 255. 255. 255. 255. 255. 255.
    255. 255. 255. 255. 255. 255. 255. 255. 255. 255. 255. 255. 255.
    255. 64. 64. 64. 64. 64. 64. 64. 64. 64. 64. 64. 64. 112. 255. 255.
    112. 64. 64. 64. 64. 0. 0. 0. 0. 0. 0. 0. 0. 0. 0. 0. 0. 64. 255.
    255. 64. 0. 0. 0. 0. 0. 0. 0. 0. 0. 0. 0. 0. 0. 0. 0. 0. 182. 255.
    255. 182. 0. 0. 0. 0. 0. 0. 0. 0. 0. 0. 0. 0. 0. 0. 0. 0. 255. 255.
    255. 255. 0. 0. 0. 0. 0. 0. 0. 0. 0. 0. 0. 0. 0. 0. 0. 0. 255. 255.
    255. 255. 0. 0. 0. 0. 0. 0. 0. 0. 0. 0. 0. 0. 0. 0. 0. 0. 255. 255.
    255. 255. 0. 0. 0. 0. 0. 0. 0. 0. 0. 0. 0. 0. 0. 0. 0. 0. 255. 255.
    255. 255. 0. 0. 0. 0. 0. 0. 0. 0. 0. 0. 0. 0. 0. 0. 0. 0. 255. 255.
    255. 255. 0. 0. 0. 0. 0. 0. 0. 0. 2. 64. 64. 255. 255. 255. 255.
    255. 135. 64. 30. 0. 0. 0. 0. 0. 0. 0. 0. 0. 193. 255. 255. 255.
    255. 255. 255. 255. 255. 255. 222. 5. 0. 0. 0. 0. 0. 0. 8. 174. 255.
    255. 255. 231. 191. 191. 191. 255. 255. 255. 255. 255. 37. 0. 0. 0.
    0. 0. 199. 255. 255. 255. 78. 40. 0. 0. 0. 64. 183. 255. 255. 255.
    228. 24. 0. 0. 0. 172. 255. 255. 253. 100. 0. 0. 0. 0. 0. 0. 0. 196.
    255. 255. 255. 88. 0. 0. 43. 234. 255. 255. 248. 0. 0. 0. 0. 0. 0.
    0. 0. 5. 164. 255. 255. 255. 0. 0. 57. 255. 255. 255. 0. 0. 0. 0. 0.
    0. 0. 0. 0. 0. 134. 255. 255. 255. 172. 0. 57. 255. 255. 255. 0. 0.
