<?xml version="1.0"?>
<opencv_storage>
<images type_id="opencv-matrix">
  <rows>100</rows>
  <cols>216</cols>
  <dt>f</dt>
  <data>
    0. 0. 13. 21. 255. 255. 255. 50. 21. 13. 0. 0. 0. 24. 183. 255. 255.
    231. 191. 247. 255. 183. 24. 0. 13. 162. 255. 255. 149. 93. 0. 130.
    162. 255. 96. 0. 32. 255. 162. 106. 0. 0. 0. 0. 13. 162. 189. 19.
    32. 255. 95. 0. 0. 0. 0. 0. 0. 95. 255. 32. 32. 255. 95. 0. 0. 0. 0.
    0. 0. 95. 255. 32. 236. 255. 95. 0. 0. 0. 0. 0. 0. 95. 255. 236. 32.
    255. 135. 8. 0. 0. 0. 0. 8. 135. 255. 32. 19. 189. 255. 125. 0. 0.
    0. 93. 125. 255. 255. 32. 0. 96. 255. 255. 149. 149. 149. 242. 255.
    255. 255. 32. 0. 24. 64. 231. 255. 255. 255. 255. 255. 255. 135. 8.
    0. 0. 0. 19. 21. 21. 21. 226. 255. 255. 95. 0. 0. 0. 0. 0. 0. 0. 0.
    223. 252. 146. 0. 0. 0. 0. 0. 0. 0. 0. 40. 231. 223. 0. 0. 0. 0. 0.
    0. 0. 0. 40. 199. 255. 130. 0. 0. 0. 0. 0. 0. 0. 19. 189. 255. 125.
    0. 0. 0. 0. 0. 0. 0. 0. 32. 255. 255. 32. 0. 0. 0. 0. 0. 0. 0. 0.
    32. 255. 109. 3. 0. 0. 0. 0. 0. 223. 255. 255. 255. 255. 255. 255.
    181. 0. 0. 0. 213. 250. 255. 255. 255. 255. 255. 255. 243. 213. 186.
    0. 255. 255. 255. 124. 71. 71. 155. 255. 255. 255. 223. 0. 99. 99.
    99. 29. 0. 0. 45. 157. 255. 255. 242. 156. 0. 0. 0. 0. 0. 0. 0. 96.
    255. 255. 255. 255. 0. 0. 0. 0. 0. 0. 45. 157. 255. 255. 242. 156.
    0. 0. 0. 0. 0. 38. 155. 255. 255. 255. 223. 0. 0. 0. 0. 0. 27. 157.
    255. 255. 255. 246. 186. 0. 0. 0. 11. 14. 165. 255. 255. 250. 241.
    191. 0. 0. 0. 0. 191. 241. 250. 255. 255. 165. 14. 11. 0. 0. 0. 186.
    246. 255. 255. 255. 157. 27. 0. 0. 0. 0. 184. 246. 255. 255. 255.
    155. 38. 0. 0. 0. 0. 0. 255. 255. 255. 255. 157. 45. 0. 0. 0. 0. 0.
    0. 255. 255. 255. 165. 48. 0. 0. 0. 0. 0. 0. 0. 255. 255. 255. 144.
    99. 99. 99. 99. 99. 99. 87. 0. 255. 255. 255. 255. 255. 255. 255.
    255. 255. 255. 232. 71. 255. 255. 255. 255. 255. 255. 255. 255. 255.
    255. 250. 213. 255. 255. 255. 255. 255. 255. 255. 255. 255. 255.
    223. 0. 0. 223. 255. 255. 255. 255. 255. 255. 181. 0. 0. 0. 213.
    250. 255. 255. 255. 255. 255. 255. 243. 213. 186. 0. 255. 255. 255.
    124. 71. 71. 155. 255. 255. 255. 223. 0. 99. 99. 99. 29. 0. 0. 45.
    157. 255. 255. 242. 156. 0. 0. 0. 0. 0. 0. 0. 96. 255. 255. 255.
    255. 0. 0. 0. 0. 0. 0. 45. 157. 255. 255. 242. 156. 0. 0. 0. 0. 0.
    38. 155. 255. 255. 255. 223. 0. 0. 0. 0. 0. 27. 157. 255. 255. 255.
    246. 186. 0. 0. 0. 11. 14. 165. 255. 255. 250. 241. 191. 0. 0. 0. 0.
    191. 241. 250. 255. 255. 165. 14. 11. 0. 0. 0. 186. 246. 255. 255.
    255. 157. 27. 0. 0. 0. 0. 184. 246. 255. 255. 255. 155. 38. 0. 0. 0.
    0. 0. 255. 255. 255. 255. 157. 45. 0. 0. 0. 0. 0. 0. 255. 255. 255.
    165. 48. 0. 0. 0. 0. 0. 0. 0. 255. 255. 255. 144. 99. 99. 99. 99.
    99. 99. 87. 0. 255. 255. 255. 255. 255. 255. 255. 255. 255. 255.
    232. 71. 255. 255. 255. 255. 255. 255. 255. 255. 255. 255. 250. 213.
    255. 255. 255. 255. 255. 255. 255. 255. 255. 255. 223. 0. 1. 28. 75.
    255. 255. 255. 255. 255. 94. 28. 4. 0. 92. 255. 255. 255. 255. 255.
    255. 255. 255. 255. 106. 4. 255. 255. 255. 214. 113. 113. 113. 202.
    255. 255. 255. 146. 57. 57. 57. 40. 0. 0. 0. 35. 197. 255. 255. 255.
    0. 0. 0. 0. 0. 0. 0. 0. 181. 255. 255. 255. 0. 0. 0. 0. 0. 0. 0. 0.
    181. 255. 255. 255. 0. 0. 0. 0. 0. 0. 0. 71. 214. 255. 255. 255. 0.
    0. 0. 0. 0. 0. 92. 223. 255. 255. 255. 92. 0. 0. 0. 0. 85. 227. 242.
    255. 255. 255. 57. 1. 0. 0. 6. 94. 255. 255. 255. 237. 227. 47. 0.
    0. 0. 11. 120. 255. 255. 255. 209. 64. 0. 0. 0. 0. 6. 156. 255. 255.
    255. 190. 52. 0. 0. 0. 0. 0. 10. 255. 255. 255. 180. 31. 0. 0. 0. 0.
    0. 0. 255. 255. 255. 181. 0. 0. 0. 0. 0. 0. 0. 0. 255. 255. 255.
    197. 35. 0. 0. 0. 0. 0. 0. 0. 255. 255. 255. 255. 202. 113. 113.
    113. 113. 113. 113. 113. 255. 255. 255. 255. 255. 255. 255. 255.
    255. 255. 255. 255. 38. 255. 255. 255. 255. 255. 255. 255. 255. 255.
    57. 28. 0. 0. 202. 255. 255. 255. 255. 255. 181. 0. 0. 0. 0. 204.
    250. 255. 255. 255. 255. 255. 249. 185. 0. 0. 220. 250. 255. 255.
    255. 255. 255. 255. 255. 247. 192. 0. 50. 50. 50. 50. 50. 50. 50.
    127. 255. 255. 223. 0. 0. 0. 0. 0. 0. 0. 0. 95. 255. 255. 247. 191.
    0. 0. 0. 0. 0. 0. 0. 95. 255. 255. 233. 78. 0. 0. 0. 0. 0. 0. 75.
    197. 255. 255. 223. 0. 0. 0. 0. 0. 0. 81. 197. 255. 255. 224. 93. 0.
    0. 0. 0. 0. 84. 200. 255. 255. 216. 95. 0. 0. 0. 0. 95. 120. 204.
    255. 255. 210. 95. 0. 0. 0. 0. 0. 202. 255. 255. 255. 206. 93. 0. 0.
    0. 0. 0. 81. 221. 255. 255. 205. 88. 0. 0. 0. 0. 0. 0. 223. 255.
    255. 206. 81. 0. 0. 0. 0. 0. 0. 64. 231. 255. 255. 95. 0. 0. 0. 0.
    0. 0. 0. 255. 255. 255. 255. 127. 50. 50. 50. 50. 39. 0. 0. 255.
    255. 255. 255. 255. 255. 255. 255. 255. 209. 31. 0. 234. 252. 255.
    255. 255. 255. 255. 255. 255. 255. 223. 0. 0. 223. 255. 255. 255.
    255. 255. 255. 255. 255. 223. 0. 0. 0. 0. 0. 0. 64. 191. 255. 255.
    191. 64. 0. 0. 0. 0. 42. 127. 191. 234. 255. 255. 234. 191. 170. 0.
    28. 85. 149. 220. 255. 255. 255. 255. 255. 255. 255. 57. 106. 205.
    255. 255. 255. 255. 255. 255. 255. 255. 255. 255. 255. 255. 255.
    255. 255. 255. 255. 255. 255. 255. 255. 255. 255. 255. 255. 255.
    255. 255. 255. 255. 255. 255. 255. 113. 113. 113. 113. 113. 149.
    220. 255. 255. 255. 255. 255. 0. 0. 0. 0. 0. 64. 191. 255. 255. 255.
    255. 255. 0. 0. 0. 0. 0. 64. 191. 255. 255. 255. 255. 255. 0. 0. 0.
    0. 0. 64. 191. 255. 255. 255. 255. 255. 0. 0. 0. 0. 0. 64. 191. 255.
    255. 255. 255. 255. 0. 0. 0. 0. 0. 64. 191. 255. 255. 255. 255. 255.
    0. 0. 0. 0. 0. 64. 191. 255. 255. 255. 255. 255. 0. 0. 0. 0. 0. 64.
    191. 255. 255. 255. 255. 255. 0. 0. 0. 0. 0. 64. 191. 255. 255. 255.
    255. 255. 0. 0. 0. 0. 0. 64. 191. 255. 255. 255. 255. 255. 0. 0. 0.
    0. 0. 64. 191. 255. 255. 255. 255. 255. 0. 0. 0. 0. 0. 64. 191. 255.
    255. 255. 255. 255. 0. 0. 0. 0. 0. 117. 255. 96. 0. 0. 0. 0. 0. 0.
    0. 0. 80. 232. 255. 95. 0. 0. 0. 0. 0. 0. 0. 54. 211. 255. 255. 96.
    0. 0. 0. 0. 0. 0. 33. 185. 255. 255. 170. 37. 0. 0. 0. 0. 0. 16.
    154. 255. 255. 197. 58. 0. 0. 0. 0. 0. 0. 32. 255. 255. 255. 183.
    99. 37. 0. 0. 0. 0. 3. 94. 255. 255. 255. 255. 255. 140. 71. 15. 0.
    0. 11. 255. 255. 255. 255. 255. 255. 255. 255. 87. 5. 0. 24. 255.
    255. 255. 250. 241. 241. 250. 255. 255. 44. 1. 241. 255. 255. 255.
    165. 14. 14. 165. 255. 255. 243. 10. 255. 255. 255. 193. 27. 0. 0.
    27. 193. 255. 255. 11. 255. 255. 255. 180. 0. 0. 0. 0. 180. 255.
    255. 187. 105. 255. 255. 180. 0. 0. 0. 0. 180. 255. 255. 105. 11.
    255. 255. 218. 80. 0. 0. 0. 181. 255. 255. 11. 6. 168. 255. 255.
    196. 99. 99. 99. 209. 255. 255. 10. 0. 23. 199. 255. 255. 255. 255.
    255. 255. 255. 193. 8. 0. 0. 44. 213. 228. 255. 255. 255. 225. 213.
    27. 0. 0. 0. 0. 0. 96. 255. 255. 255. 74. 0. 0. 0. 0. 0. 0. 0. 0.
    117. 255. 96. 0. 0. 0. 0. 0. 0. 0. 0. 80. 232. 255. 95. 0. 0. 0. 0.
    0. 0. 0. 54. 211. 255. 255. 96. 0. 0. 0. 0. 0. 0. 33. 185. 255. 255.
    170. 37. 0. 0. 0. 0. 0. 16. 154. 255. 255. 197. 58. 0. 0. 0. 0. 0.
    0. 32. 255. 255. 255. 183. 99. 37. 0. 0. 0. 0. 3. 94. 255. 255. 255.
    255. 255. 140. 71. 15. 0. 0. 11. 255. 255. 255. 255. 255. 255. 255.
    255. 87. 5. 0. 24. 255. 255. 255. 250. 241. 241. 250. 255. 255. 44.
    1. 241. 255. 255. 255. 165. 14. 14. 165. 255. 255. 243. 10. 255.
    255. 255. 193. 27. 0. 0. 27. 193. 255. 255. 11. 255. 255. 255. 180.
    0. 0. 0. 0. 180. 255. 255. 187. 105. 255. 255. 180. 0. 0. 0. 0. 180.
    255. 255. 105. 11. 255. 255. 218. 80. 0. 0. 0. 181. 255. 255. 11. 6.
    168. 255. 255. 196. 99. 99. 99. 209. 255. 255. 10. 0. 23. 199. 255.
    255. 255. 255. 255. 255. 255. 193. 8. 0. 0. 44. 213. 228. 255. 255.
    255. 225. 213. 27. 0. 0. 0. 0. 0. 96. 255. 255. 255. 74. 0. 0. 0. 0.
    11. 28. 227. 255. 255. 255. 255. 28. 18. 0. 0. 11. 149. 255. 255.
    255. 255. 255. 255. 255. 191. 32. 0. 32. 255. 255. 255. 113. 113.
    113. 237. 255. 255. 95. 0. 32. 255. 255. 255. 0. 0. 0. 50. 255. 255.
