<?xml version="1.0"?>
<opencv_storage>
<classifications type_id="opencv-matrix">
  <rows>100</rows>
  <cols>1</cols>
  <dt>f</dt>
  <data>
    57. 50. 50. 50. 50. 49. 54. 54. 56. 57. 56. 55. 52. 52. 57. 57. 56.
    56. 55. 56. 54. 50. 55. 52. 53. 52. 48. 48. 48. 49. 49. 53. 49. 57.
    48. 51. 51. 53. 51. 54. 49. 51. 54. 48. 55. 53. 55. 53. 51. 52. 56.
    53. 57. 57. 56. 52. 55. 57. 48. 48. 48. 51. 48. 49. 49. 49. 51. 51.
    52. 50. 49. 55. 56. 56. 54. 57. 52. 54. 54. 57. 50. 50. 52. 52. 51.
    55. 54. 48. 53. 53. 53. 55. 55. 53. 49. 51. 50. 50. 54. 56.</data></classifications>
</opencv_storage>
